84
87
78
16
94
36
87
93
50
22
63
28
91
60
64
27
41
27
37
12
69
68
30
83
31
63
24
68
36
3
16
14
27
92
81
57
74
63
71
97
82
6
26
85
28
37
6
58
83
15
68
35
65
44
51
88
9
77
79
89
85
4
52
55
100
33
61
77
69
40
13
27
41
10
57
69
9
16
41
50
97
24
19
46
47
52
22
56
80
89
65
29
42
38
30
5
44
64
14
39
30
59
47
25
96
87
2
81
30
32
18
98
72
28
98
54
87
7
29
51
35
65
25
15
88
57
44
92
28
66
60
29
40
12
6
31
83
1
37
53
80
74
14
69
91
96
27
67
85
41
91
85
77
43
37
8
21
23
70
93
51
26
86
91
33
5
80
70
74
77
51
56
61
43
80
85
94
6
22
68
5
14
90
30
1
47
89
98
50
91
4
34
64
98
54
93
87
26
97
89
73
46
40
96
71
35
79
68
2
98
93
1
33
52
38
29
76
8
75
22
59
96
30
77
5
89
70
18
18
97
25
44
71
84
91
100
73
26
45
91
6
87
23
2
79
9
59
100
51
69
72
74
32
82
31
34
95
61
64
100
82
100
97
60
57
80
19
88
13
49
73
60
73
100
41
43
99
14
99
91
25
20
56
62
73
9
59
99
37
9
54
49
4
34
34
49
91
55
68
47
23
70
68
94
57
12
43
30
74
22
20
85
38
99
25
71
30
95
18
57
42
66
90
45
20
76
68
66
72
33
30
4
20
71
94
37
36
94
19
29
44
12
29
7
19
70
11
62
21
37
45
27
23
66
25
37
25
82
31
73
23
10
95
53
76
30
61
1
40
93
16
28
5
30
50
65
86
30
44
36
78
1
39
72
50
90
68
89
93
96
44
45
30
91
83
41
42
70
27
33
14
3
53
87
82
84
20
25
41
55
83
43
65
98
8
56
5
49
12
23
29
100
44
47
69
41
6
17
25
38
63
46
10
11
43
88
7
2
14
73
22
56
20
100
22
5
40
12
41
68
6
29
28
51
85
59
97
85
82
37
55
27
60
45
3
3
7
85
22
43
69
29
69
58
37
15
22
61
5
29
28
51
49
57
3
95
98
100
44
40
3
29
4
82
48
39
60
52
36
35

